2148
9058
7742
3153
6324
609
7628
5469
7017
504
4092
1582
9572
1542
5697
2081
4218
3130
7923
9595
6558
3859
9832
3062
6788
7578
7432
479
8439
9079
7173
2667
2770
2655
972
4264
2014
3171
4715
345
4388
3816
8887
3915
3490
2148
9058
7742
3153
6324
609
7628
5469
7017
504
4092
1582
9572
1542
5697
2081
4218
3130
7923
9595
6558
3859
9832
3062
6788
7578
7432
479
8439
9079
7173
2667
2770
2655
972
4264
2014
3171
4715
345
4388
3816
8887
2148
9058
7742
3153
6324
609
7628
5469
7017
504
4092
1582
9572
1542
5697
2081
4218
3130
7923
9595
6558
3859
9832
3062
6788
7578
7432
479
8439
9079
7173
2667
2770
2655
972
4264
2014
3171
4715
345
4388
3816
8887
3915
3490
2327
123
4596
4307
8737
4007
6798
2148
9058
7742
3153
6324
609
7628
5469
7017
504
4092
1582
9572
1542
5697
2081
4218
3130
7923
9595
6558
3859
9832
3062
6788
7578
7432
479
8439
9079
7173
2667
2770
2655
972
4264
2014
3171
4715
345
4388
3816
8887
3915
3490
2327
123
4596
4307
8737
4007
6798
2148
9058
7742
3153
6324
609
7628
5469
7017
504
4092
1582
9572
1542
5697
2081
4218
3130
7923
9595
6558
3859
9832
3062
6788
7578
7432
479
8439
9079
7173
2667
2770
2655
972
4264
2014
3171
4715
345
4388
3816
8887
3915
3490
2327
2148
9058
7742
3153
6324
609
7628
5469
7017
504
4092
1582
9572
1542
5697
2081
4218
3130
7923
9595
6558
3859
9832
3062
6788
7578
7432
479
8439
9079
7173
2667
2770
2655
972
4264
2014
3171
4715
345
4388
3816
8887
3915
3490
2327
123
4596
4307
8737
4007
6798
2148
9058
7742
3153
6324
609
7628
5469
7017
504
4092
1582
9572
1542
5697
2081
4218
3130
7923
9595
6558
3859
9832
3062
6788
7578
7432
479
8439
9079
7173
2667
2770
2655
972
4264
2014
3171
4715
345
4388
3816
8887
3915
3490
2327
123
4596
4307
8737
4007
6798
2148
9058
7742
3153
6324
609
7628
5469
7017
504
4092
1582
9572
1542
5697
2081
4218
3130
7923
9595
6558
3859
9832
3062
6788
7578
7432
479
8439
9079
7173
2667
2770
2655
972
4264
2014
3171
4715
345
4388
3816
8887
3915
3490
2327
123
4596
4307
8737
4007
6798
123
4596
4307
8737
4007
6798
3915
3490
2327
123
4596
4307
8737
4007
6798
2327
123
4596
4307
8737
4007
6798